C:\Users\18454\.conda\envs\PycharmProjects\python.exe C:\Users\18454\Desktop\无人机大作业\reinforcementlearning4fun-master\gym-tutorial-frozen-lake\Q-learning_slippery.py 
Episode 500/5000, epsilon = 0.606
Episode 1000/5000, epsilon = 0.368
Episode 1500/5000, epsilon = 0.223
Episode 2000/5000, epsilon = 0.135
Episode 2500/5000, epsilon = 0.082
Episode 3000/5000, epsilon = 0.050
Episode 3500/5000, epsilon = 0.030
Episode 4000/5000, epsilon = 0.018
Episode 4500/5000, epsilon = 0.011
Episode 5000/5000, epsilon = 0.010

训练完成！开始评估策略...

task_write
task_read

ss <CommandConstructor.CommandConstructor object at 0x00000178EC7BDEE0>
take_off bb 1d f3 00 00 01 32 00 32 00 00 00 00 00 00 00 00 00 01 32 00 32 00 00 00 00 00 00 00 64 00 f9
Tuple: (<QueueSignal.CMD: 1>, 'bb 1d f3 00 00 01 32 00 32 00 00 00 00 00 00 00 00 00 01 32 00 32 00 00 00 00 00 00 00 64 00 f9')
speed bb 1d f3 00 02 02 14 00 00 00 00 00 00 00 00 00 00 02 02 14 00 00 00 00 00 00 00 00 00 64 00 5f
Tuple: (<QueueSignal.CMD: 1>, 'bb 1d f3 00 02 02 14 00 00 00 00 00 00 00 00 00 00 02 02 14 00 00 00 00 00 00 00 00 00 64 00 5f')
high bb 1d f3 00 0b 03 50 00 00 00 00 00 00 00 00 00 00 0b 03 50 00 00 00 00 00 00 00 00 00 64 00 eb
Tuple: (<QueueSignal.CMD: 1>, 'bb 1d f3 00 0b 03 50 00 00 00 00 00 00 00 00 00 00 0b 03 50 00 00 00 00 00 00 00 00 00 64 00 eb')
=== 测试回合 1 ===
back bb 1d f3 00 05 04 02 32 00 00 00 00 00 00 00 00 00 05 04 02 32 00 00 00 00 00 00 00 00 64 00 a9
Tuple: (<QueueSignal.CMD: 1>, 'bb 1d f3 00 05 04 02 32 00 00 00 00 00 00 00 00 00 05 04 02 32 00 00 00 00 00 00 00 00 64 00 a9')
forward bb 1d f3 00 05 05 01 32 00 00 00 00 00 00 00 00 00 05 05 01 32 00 00 00 00 00 00 00 00 64 00 a9
Tuple: (<QueueSignal.CMD: 1>, 'bb 1d f3 00 05 05 01 32 00 00 00 00 00 00 00 00 00 05 05 01 32 00 00 00 00 00 00 00 00 64 00 a9')
back bb 1d f3 00 05 06 02 32 00 00 00 00 00 00 00 00 00 05 06 02 32 00 00 00 00 00 00 00 00 64 00 ad
Tuple: (<QueueSignal.CMD: 1>, 'bb 1d f3 00 05 06 02 32 00 00 00 00 00 00 00 00 00 05 06 02 32 00 00 00 00 00 00 00 00 64 00 ad')
back bb 1d f3 00 05 07 02 32 00 00 00 00 00 00 00 00 00 05 07 02 32 00 00 00 00 00 00 00 00 64 00 af
Tuple: (<QueueSignal.CMD: 1>, 'bb 1d f3 00 05 07 02 32 00 00 00 00 00 00 00 00 00 05 07 02 32 00 00 00 00 00 00 00 00 64 00 af')
forward bb 1d f3 00 05 08 01 32 00 00 00 00 00 00 00 00 00 05 08 01 32 00 00 00 00 00 00 00 00 64 00 af
Tuple: (<QueueSignal.CMD: 1>, 'bb 1d f3 00 05 08 01 32 00 00 00 00 00 00 00 00 00 05 08 01 32 00 00 00 00 00 00 00 00 64 00 af')
back bb 1d f3 00 05 09 02 32 00 00 00 00 00 00 00 00 00 05 09 02 32 00 00 00 00 00 00 00 00 64 00 b3
Tuple: (<QueueSignal.CMD: 1>, 'bb 1d f3 00 05 09 02 32 00 00 00 00 00 00 00 00 00 05 09 02 32 00 00 00 00 00 00 00 00 64 00 b3')
right bb 1d f3 00 05 0a 04 32 00 00 00 00 00 00 00 00 00 05 0a 04 32 00 00 00 00 00 00 00 00 64 00 b9
Tuple: (<QueueSignal.CMD: 1>, 'bb 1d f3 00 05 0a 04 32 00 00 00 00 00 00 00 00 00 05 0a 04 32 00 00 00 00 00 00 00 00 64 00 b9')
back bb 1d f3 00 05 0b 02 32 00 00 00 00 00 00 00 00 00 05 0b 02 32 00 00 00 00 00 00 00 00 64 00 b7
Tuple: (<QueueSignal.CMD: 1>, 'bb 1d f3 00 05 0b 02 32 00 00 00 00 00 00 00 00 00 05 0b 02 32 00 00 00 00 00 00 00 00 64 00 b7')
forward bb 1d f3 00 05 0c 01 32 00 00 00 00 00 00 00 00 00 05 0c 01 32 00 00 00 00 00 00 00 00 64 00 b7
Tuple: (<QueueSignal.CMD: 1>, 'bb 1d f3 00 05 0c 01 32 00 00 00 00 00 00 00 00 00 05 0c 01 32 00 00 00 00 00 00 00 00 64 00 b7')
right bb 1d f3 00 05 0d 04 32 00 00 00 00 00 00 00 00 00 05 0d 04 32 00 00 00 00 00 00 00 00 64 00 bf
Tuple: (<QueueSignal.CMD: 1>, 'bb 1d f3 00 05 0d 04 32 00 00 00 00 00 00 00 00 00 05 0d 04 32 00 00 00 00 00 00 00 00 64 00 bf')
back bb 1d f3 00 05 0e 02 32 00 00 00 00 00 00 00 00 00 05 0e 02 32 00 00 00 00 00 00 00 00 64 00 bd
Tuple: (<QueueSignal.CMD: 1>, 'bb 1d f3 00 05 0e 02 32 00 00 00 00 00 00 00 00 00 05 0e 02 32 00 00 00 00 00 00 00 00 64 00 bd')
left bb 1d f3 00 05 0f 03 32 00 00 00 00 00 00 00 00 00 05 0f 03 32 00 00 00 00 00 00 00 00 64 00 c1
Tuple: (<QueueSignal.CMD: 1>, 'bb 1d f3 00 05 0f 03 32 00 00 00 00 00 00 00 00 00 05 0f 03 32 00 00 00 00 00 00 00 00 64 00 c1')
right bb 1d f3 00 05 10 04 32 00 00 00 00 00 00 00 00 00 05 10 04 32 00 00 00 00 00 00 00 00 64 00 c5
Tuple: (<QueueSignal.CMD: 1>, 'bb 1d f3 00 05 10 04 32 00 00 00 00 00 00 00 00 00 05 10 04 32 00 00 00 00 00 00 00 00 64 00 c5')
right bb 1d f3 00 05 11 04 32 00 00 00 00 00 00 00 00 00 05 11 04 32 00 00 00 00 00 00 00 00 64 00 c7
Tuple: (<QueueSignal.CMD: 1>, 'bb 1d f3 00 05 11 04 32 00 00 00 00 00 00 00 00 00 05 11 04 32 00 00 00 00 00 00 00 00 64 00 c7')
到达终点，成功 ✅
land bb 1d f3 00 fe 12 00 00 00 00 00 00 00 00 00 00 00 fe 12 00 00 00 00 00 00 00 00 00 00 64 00 4f
Tuple: (<QueueSignal.CMD: 1>, 'bb 1d f3 00 fe 12 00 00 00 00 00 00 00 00 00 00 00 fe 12 00 00 00 00 00 00 00 00 00 00 64 00 4f')
task_write done.
task_read done.

在 1 次测试中，成功 1 次，成功率 = 100.0%

进程已结束，退出代码为 0
